193520 193521 2
624915 139785 2
677544 25952 2
624961 624960 2
667882 667883 2
77847 114054 1
124707 195104 2
139108 237514 1
139108 651735 1
237514 651735 1
101747 193557 2
625043 625041 2
625043 625050 2
678390 678392 2
194293 194291 2
683899 683911 2
62136 65582 2
65582 164899 2
404019 404020 2
72384 72385 2
634068 634069 2
636388 637292 2
697870 697874 1
36257 112709 1
159855 629634 2
670890 670894 2
670893 670894 1
671843 671845 2
187524 187537 1
187528 187537 2
689544 689545 2
630142 630141 2
636607 636613 2
636613 636608 1
699777 699770 1
26326 629749 2
59409 167095 1
290942 290939 2
628347 628346 1
669574 646119 2
693882 693884 2
657459 657706 1
676688 676687 1
407436 83244 2
407436 128304 2
624881 624880 2
641854 641874 1
102069 603331 2
213 5346 0
605740 624649 2
646436 646437 0
656093 656092 2
676537 680780 2
94579 95641 0
83244 128304 2
83244 76061 2
653248 653250 2
690384 690382 2
73226 101203 2
625483 676949 1
625485 676949 2
661244 661250 1
661911 661914 2
677078 670449 2
681865 681866 2
649976 649977 2
663880 663881 2
641187 641180 2
645330 661224 2
648147 661224 2
657030 661224 1
110605 122261 2
678365 678384 2
675271 675272 1
643192 643191 2
633272 633268 2
633268 633269 1
670302 674955 2
6740 110605 1
110605 280056 2
128305 134765 1
136109 280056 2
653033 653029 1
653033 653034 2
653937 653941 2
156325 297357 2
650015 650016 2
670342 674965 2
685280 685282 1
340345 340346 2
645022 645036 2
674015 674016 1
675453 675451 2
633405 633410 2
686275 686273 1
673311 673312 2
694165 694166 2
696784 696781 2
634623 633105 2
649809 649804 1
638297 638302 2
687869 687864 1
647951 647949 2
633373 633369 2
659754 661445 2
654529 654530 2
278467 344003 2
679495 679493 1
650357 626396 2
668837 626396 2
660822 660823 2
686236 686237 2
654109 654110 1
256942 275647 2
106399 49451 1
674567 674568 2
699177 699182 2
143416 143448 1
638943 638946 2
698796 698794 2
193520 193521 2
624915 139785 2
677544 25952 2
624961 624960 2
667882 667883 2
77847 114054 1
124707 195104 2
139108 237514 1
139108 651735 1
237514 651735 1
101747 193557 2
625043 625041 2
625043 625050 2
678390 678392 2
194293 194291 2
683899 683911 2
62136 65582 2
65582 164899 2
404019 404020 2
72384 72385 2
634068 634069 2
636388 637292 2
697870 697874 1
36257 112709 1
159855 629634 2
670890 670894 2
670893 670894 1
671843 671845 2
187524 187537 1
187528 187537 2
689544 689545 2
630142 630141 2
636607 636613 2
636613 636608 1
699777 699770 1
26326 629749 2
59409 167095 1
290942 290939 2
628347 628346 1
669574 646119 2
693882 693884 2
657459 657706 1
676688 676687 1
407436 83244 2
407436 128304 2
624881 624880 2
641854 641874 1
102069 603331 2
213 5346 0
605740 624649 2
646436 646437 0
656093 656092 2
676537 680780 2
94579 95641 0
83244 128304 2
83244 76061 2
653248 653250 2
690384 690382 2
73226 101203 2
625483 676949 1
625485 676949 2
661244 661250 1
661911 661914 2
677078 670449 2
681865 681866 2
649976 649977 2
663880 663881 2
641187 641180 2
645330 661224 2
648147 661224 2
657030 661224 1
110605 122261 2
678365 678384 2
675271 675272 1
643192 643191 2
633272 633268 2
633268 633269 1
670302 674955 2
6740 110605 1
110605 280056 2
128305 134765 1
136109 280056 2
653033 653029 1
653033 653034 2
653937 653941 2
156325 297357 2
650015 650016 2
670342 674965 2
685280 685282 1
340345 340346 2
645022 645036 2
674015 674016 1
675453 675451 2
633405 633410 2
686275 686273 1
673311 673312 2
694165 694166 2
696784 696781 2
634623 633105 2
649809 649804 1
638297 638302 2
687869 687864 1
647951 647949 2
633373 633369 2
659754 661445 2
654529 654530 2
278467 344003 2
679495 679493 1
650357 626396 2
668837 626396 2
660822 660823 2
686236 686237 2
654109 654110 1
256942 275647 2
106399 49451 1
674567 674568 2
699177 699182 2
143416 143448 1
638943 638946 2
698796 698794 2
193520 193521 2
624915 139785 2
677544 25952 2
624961 624960 2
667882 667883 2
77847 114054 1
124707 195104 2
139108 237514 1
139108 651735 1
237514 651735 1
101747 193557 2
625043 625041 2
625043 625050 2
678390 678392 2
194293 194291 2
683899 683911 2
62136 65582 2
65582 164899 2
404019 404020 2
72384 72385 2
634068 634069 2
636388 637292 2
697870 697874 1
36257 112709 1
159855 629634 2
